287
0.158
206
207
208
209
210
211
212
213
214
215
216
217
218
219
220
221
222
223
224
225
226
227
228
229
230
231
232
233
234
235
236
237
238
239
240
241
242
243
244
245
246
247
248
249
250
251
252
253
254
255
256
257
258
259
260
261
262
263
264
265
266
267
268
269
270
271
272
273
274
275
276
277
278
279
280
281
282
283
284
285
286
287
288
289
290
291
292
293
294
295
296
297
298
299
300
301
302
303
304
305
306
307
308
309
310
311
312
313
314
315
316
317
318
319
320
321
322
323
324
325
326
327
328
329
330
331
332
333
334
335
336
337
338
339
340
341
342
343
344
345
346
347
348
349
350
351
352
353
354
355
356
357
358
359
360
361
362
363
364
365
366
367
368
369
370
371
372
373
374
375
376
377
378
379
380
381
382
383
384
385
386
387
388
389
390
391
392
393
394
395
396
397
398
399
400
401
402
403
404
405
406
407
408
409
410
411
412
413
414
415
416
417
418
419
420
421
422
423
424
425
426
427
428
429
430
431
432
433
434
435
436
437
438
439
440
441
442
443
444
445
446
447
448
449
450
451
452
453
454
455
456
457
458
459
460
461
462
463
464
465
466
467
468
469
470
471
472
473
474
475
476
477
478
479
480
481
482
483
484
485
486
487
488
489
490
491
492
10.3
9.86
9.14
7.97
6.74
5.82
5.18
4.7
4.29
3.9
3.55
3.21
2.9
2.58
2.26
1.96
1.7
1.5
1.35
1.27
1.23
1.24
1.28
1.34
1.41
1.47
1.53
1.59
1.68
1.8
1.92
2.09
2.15
2.21
2.29
2.39
2.54
2.69
2.8
2.89
2.94
2.99
3.05
3.15
3.31
3.48
3.6
3.68
3.73
3.75
3.78
3.84
3.94
4.09
4.27
4.41
4.46
4.49
4.49
4.48
4.49
4.54
4.63
4.81
4.95
5
4.98
3.92
4.85
4.76
4.7
4.68
4.67
4.68
4.71
4.73
4.65
4.5
4.32
4.14
3.94
3.77
3.62
3.5
3.38
3.28
3.2
3.11
2.96
2.73
2.5
2.29
2.1
1.93
1.77
1.64
1.54
1.46
1.38
1.32
1.27
1.21
1.1
0.95
0.815
0.707
0.616
0.539
0.48
0.438
0.405
0.38
0.36
0.344
0.334
0.331
0.321
0.295
0.261
0.232
0.212
0.2
0.194
0.193
0.196
0.203
0.212
0.199
0.216
0.231
0.245
0.263
0.284
0.296
0.298
0.318
0.346
0.365
0.387
0.412
0.442
0.469
0.499
0.534
0.565
0.607
0.65
0.683
0.729
0.771
0.815
0.864
0.916
0.966
1.02
1.08
1.19
1.26
1.33
1.41
1.49
1.57
1.66
1.76
1.85
1.94
2.02
2.1
2.17
2.25
2.33
2.41
2.5
2.58
2.68
2.79
2.92
3.07
3.22
3.39
3.53
3.67
3.82
4
4.17
4.34
4.47
4.56
4.62
4.67
4.73
4.82
4.92
5.02
5.12
5.19
5.26
5.38
5.54
5.75
6
6.26
6.47
6.59
6.69
6.82
6.97
7.11
7.31
7.47
7.57
7.62
7.51
7.39
7.37
7.32
7.25
7.24
7.13
6.98
6.81
6.57
6.43
6.34
6.31
6.4
6.63
6.78
6.78
6.72
6.56
6.4
6.42
6.28
6.51
6.67
6.99
7.23
6.85
6.49
5.9
5.43
5.01
4.33
4.06
3.44
3.2
2.65
2.16
1.72
1.39
1.14
0.853
0.726
0.549
0.454
0.356
0.28
0.219
0.179
0.143
0.118
0.096
0.081
0.069
0.059
0.051
0.044
0.04
0.035
0.031
0.028
0.025
0.023
0.021
0.019
0.018
0.017
0.016
0.015
0.015
0.015
0.015
0.016
0.018
0.019
0.021

