163
0.21
202
203
204
205
206
207
208
209
210
211
212
213
214
215
216
217
218
219
220
221
222
223
224
225
226
227
228
229
230
231
232
233
234
235
236
237
238
239
240
241
242
243
244
245
246
247
248
249
250
251
252
253
254
255
256
257
258
259
260
261
262
263
264
265
266
267
268
269
270
271
272
273
274
275
276
277
278
279
280
281
282
283
284
285
286
287
288
289
290
291
292
293
294
295
296
297
298
299
300
301
302
303
304
305
306
307
308
309
310
311
312
313
314
315
316
317
318
319
320
321
322
323
324
325
326
327
328
329
330
331
332
333
334
335
336
337
338
339
340
341
342
343
344
345
346
347
348
349
350
351
352
353
354
355
356
357
358
359
360
361
362
363
364
0.178
0.2125
0.247
0.2815
0.316
0.35575
0.39549999999999996
0.43524999999999997
0.475
0.512
0.5489999999999999
0.586
0.623
0.66
0.6970000000000001
0.734
0.771
0.7907500000000001
0.8105
0.8302499999999999
0.85
0.8925
0.935
0.9775
1.02
1.0975000000000001
1.175
1.2525
1.33
1.5025
1.675
1.8475000000000001
2.02
2.305
2.59
2.875
3.16
3.59
4.02
4.45
4.88
5.47
6.0600000000000005
6.65
7.24
8.055
8.870000000000001
9.685
10.5
11.5
12.5
13.5
14.5
15.7
16.9
18.1
19.3
20.775
22.25
23.725
25.2
26.625
28.049999999999997
29.474999999999998
30.9
32.7
34.5
36.3
38.1
39.425
40.75
42.075
43.4
45.1
46.8
48.5
50.2
51.0
51.8
52.2
53.0
54.5
56.5
58.1
59.0
58.9
58.5
58.0
57.8
58.3
59.3
60.5
61.0
60.3
58.7
56.9
55.6
54.6
54.2
54.3
54.4
54.3
53.2
50.8
47.9
45.0
42.9
41.5
40.7
40.0
39.2
38.2
36.9
34.6
31.7
28.5
25.7
23.7
22.5
21.8
20.7
19.6
18.2
16.9
15.5
13.9
12.2
10.4
8.68
7.34
6.47
6.02
5.54
4.85
4.17
3.46
2.85
2.42
2.15
1.91
1.44
0.93
0.59
0.41
0.31
0.26
0.23
0.18
0.15
0.14
0.12
0.1
0.08
0.06
0.05
0.04
0.03
0.02
0.02
0.02
0.01
0.01
0.01

