O3
T/K    218  258  298   T's to export XO3
O3    .O3-total        . JPl10+IUPAC 2/2013
Table 4A-4. Absorption Cross Sections of O3 at 293-298K & 218K (1e-20)
 174 (f7.3,2x,f7.3,2f10.3)
175.4    177.0       81.1      81.1
177.0    178.6       79.9      79.9
178.6    180.2       78.6      78.6
180.2    181.8       76.3      76.3
181.8    183.5       72.9      72.9
183.5    185.185     68.8      68.8   this is IUPAC before 185 nm (same as JPL201 after!)
185.185  186.916     62.2      62.2
186.916  188.679     57.6      57.6
188.679  190.476     52.6      52.6
190.476  192.308     47.7      47.7
192.308  194.175     42.9      42.9
194.175  196.078     38.5      38.5      just copy of 295K data above this
196.078  198.020     34.9      34.4
198.020  200.000     32.4      32.0
200.000  202.020     31.5      31.2
202.020  204.082     32.6      32.4
204.082  206.186     36.3      36.2
206.186  208.333     43.3      43.2
208.333  210.526     53.9      54.2
210.526  212.766     69.3      69.6
212.766  215.054     90.3      90.6
215.054  217.391     118.      119.
217.391  219.780     154.      155.
219.780  222.222     199.      201.
222.222  224.719     255.      256.
224.719  227.273     322.      323.
227.273  229.885     401.      403.
229.885  232.558     490.      492.
232.558  235.294     590.      589.
235.294  238.095     693.      692.
238.095  240.964     802.      799.
240.964  243.902     908.      905.
243.902  246.914    1001.      995.
246.914  250.000    1080.     1074.
250.000  253.165    1125.     1116.
253.165  256.410    1148.     1136.
256.410  259.740    1122.     1105.
259.740  263.158    1064.     1047.
263.158  266.667     968.      952.
266.667  270.270     840.      823.
270.270  273.973     698.      681.
273.973  277.778     547.      531.
277.778  281.690     406.      391.
281.690  285.714     282.      271.
285.714  289.855     184.      175.
289.855  294.118     113.      105.
294.118  298.507    65.1      59.4
298.507  299.500    45.2      40.7
299.5    300.5      39.2      35.1
300.5    301.5      34.3      30.5
301.5    302.5      30.3      26.9
302.5    303.5      26.2      22.9
303.5    304.5      23.4      20.6
304.5    305.5      20.1      17.3
305.5    306.5      17.9      15.6
306.5    307.5      15.5      13.3
307.5    308.5      13.5      11.5
308.5    309.5      12.2      10.4
309.5    310.5      10.2      8.50
310.5    311.5      9.24      7.76
311.5    312.5      7.95      6.53
312.5    313.5      6.91      5.62
313.5    314.5      6.25      5.05
314.5    315.5      5.19      4.08
315.5    316.5      4.77      3.82
316.5    317.5      4.02      3.11
317.5    318.5      3.72      2.94
318.5    319.5      2.89      2.11
319.5    320.5      2.99      2.41
320.5    321.5      2.10      1.43
321.5    323.5      2.05      1.57
323.5    325.5      1.41      1.02
325.5    327.5      1.01     0.658
327.5    332.5     0.697     0.483
332.5    337.5     0.320     0.204
337.5    342.5     0.146    0.0797
342.5    347.5    0.0779    0.0779      just copy of 295K data below this
347.5    352.5    0.0306    0.0306         no T-dep
352.5    357.5    0.0136    0.0136
357.5    362.5   0.00694   0.00694
362.5    367.5   0.00305   0.00305
367.5    372.5   0.00130   0.00130
372.5    377.5  0.000850  0.000850
377.5    382.5  0.000572  0.000572
382.5    387.5  0.000542  0.000542
387.5    392.5  0.000668  0.000668
392.5    397.5  0.000956  0.000956
397.5    402.5   0.00115   0.00115
402.5    407.5   0.00158   0.00158
407.5    412.5   0.00258   0.00258
412.5    417.5   0.00295   0.00295
417.5    422.5   0.00393   0.00393
422.5    427.5   0.00656   0.00656
427.5    432.5   0.00697   0.00697
432.5    437.5   0.00882   0.00882
437.5    442.5    0.0137    0.0137
442.5    447.5    0.0165    0.0165
447.5    452.5    0.0185    0.0185
452.5    457.5    0.0218    0.0218
457.5    462.5    0.0366    0.0366
462.5    467.5    0.0367    0.0367
467.5    472.5    0.0410    0.0410
472.5    477.5    0.0481    0.0481
477.5    482.5    0.0754    0.0754
482.5    487.5    0.0813    0.0813
487.5    492.5    0.0816    0.0816
492.5    497.5    0.0908    0.0908
497.5    502.5     0.121     0.121
502.5    507.5     0.160     0.160
507.5    512.5     0.158     0.158
512.5    517.5     0.166     0.166
517.5    522.5     0.183     0.183
522.5    527.5     0.219     0.219
527.5    532.5     0.267     0.267
532.5    537.5     0.287     0.287
537.5    542.5     0.295     0.295
542.5    547.5     0.319     0.319
547.5    552.5     0.337     0.337
552.5    557.5     0.358     0.358
557.5    562.5     0.398     0.398
562.5    567.5     0.439     0.439
567.5    572.5     0.467     0.467
572.5    577.5     0.481     0.481
577.5    582.5     0.464     0.464
582.5    587.5     0.446     0.446
587.5    592.5     0.447     0.447
592.5    597.5     0.476     0.476
597.5    602.5     0.513     0.513
602.5    607.5     0.514     0.514
607.5    612.5     0.478     0.478
612.5    617.5     0.438     0.438
617.5    622.5     0.406     0.406
622.5    627.5     0.382     0.382
627.5    632.5     0.356     0.356
632.5    637.5     0.327     0.327
637.5    642.5     0.297     0.297
642.5    647.5     0.271     0.271
647.5    652.5     0.251     0.251
652.5    657.5     0.231     0.231
657.5    662.5     0.210     0.210
662.5    667.5     0.190     0.190
667.5    672.5     0.170     0.170
672.5    677.5     0.151     0.151
677.5    682.5     0.137     0.137
682.5    687.5     0.126     0.126
687.5    692.5     0.113     0.113
692.5    697.5    0.0989    0.0989
697.5    702.5    0.0868    0.0868
702.5    707.5    0.0784    0.0784
707.5    712.5    0.0731    0.0731
712.5    717.5    0.0696    0.0696
717.5    722.5    0.0622    0.0622
722.5    727.5    0.0543    0.0543
727.5    732.5    0.0478    0.0478
732.5    737.5    0.0442    0.0442
737.5    742.5    0.0432    0.0432
742.5    747.5    0.0447    0.0447
747.5    752.5    0.0425    0.0425
752.5    757.5    0.0338    0.0338
757.5    762.5    0.0286    0.0286
762.5    767.5    0.0262    0.0262
767.5    772.5    0.0260    0.0260
772.5    777.5    0.0294    0.0294
777.5    782.5    0.0318    0.0318
782.5    787.5    0.0262    0.0262
787.5    792.5    0.0208    0.0208
792.5    797.5    0.0173    0.0173
797.5    802.5    0.0157    0.0157
802.5    807.5    0.0156    0.0156
807.5    812.5    0.0186    0.0186
812.5    817.5    0.0221    0.0221
817.5    822.5    0.0206    0.0206
822.5    827.5    0.0145    0.0145
827.5    832.5    0.0       0.0

==========================================================================

 species:O3(1D)
Table 4A-5. Parameters for the Calculation of O(1D)
 species:O3
O3
 openfile=XO3_JPL11tblX.dat
Table 4A-4. Absorption Cross Sections of O3 at 293-298K & 218K (1e-20)

=============fast-JX - ver 6.8
O3     218 5.989E-19 4.856E-19 4.307E-19 3.653E-19 3.410E-19 4.849E-19  rev 4/15
           6.534E-19 9.320E-19 8.759E-18 3.511E-18 1.508E-18 7.924E-19
           2.456E-19 8.902E-20 3.659E-20 4.539E-21 6.165E-23 1.666E-21
O3     258 5.991E-19 4.860E-19 4.314E-19 3.666E-19 3.422E-19 4.844E-19
           6.518E-19 9.299E-19 8.832E-18 3.565E-18 1.548E-18 8.272E-19
           2.623E-19 9.770E-20 4.156E-20 5.554E-21 6.165E-23 1.666E-21
O3     298 5.992E-19 4.863E-19 4.321E-19 3.678E-19 3.432E-19 4.840E-19
           6.504E-19 9.279E-19 8.899E-18 3.615E-18 1.585E-18 8.594E-19
           2.778E-19 1.057E-19 4.615E-20 6.493E-21 6.165E-23 1.666E-21

O3(1D) 200 4.897E-01 5.074E-01 5.268E-01 5.649E-01 6.557E-01 7.358E-01 rev 4/15
           7.768E-01 8.169E-01 9.000E-01 9.000E-01 8.984E-01 9.000E-01
           8.944E-01 4.577E-01 9.235E-02 7.623E-02 0.000E+00 0.000E+00
O3(1D) 260 4.897E-01 5.074E-01 5.270E-01 5.650E-01 6.556E-01 7.358E-01
           7.768E-01 8.168E-01 9.000E-01 9.000E-01 8.985E-01 9.000E-01
           8.951E-01 5.048E-01 1.469E-01 8.439E-02 0.000E+00 0.000E+00
O3(1D) 320 4.897E-01 5.075E-01 5.271E-01 5.651E-01 6.556E-01 7.358E-01
           7.768E-01 8.168E-01 9.000E-01 9.000E-01 8.985E-01 9.000E-01
           8.980E-01 6.156E-01 3.034E-01 1.081E-01 0.000E+00 0.000E+00

=============fast-JX - ver 7.3
O3    .O3-total        . JPl10+IUPAC 2/2013 rev 4/2015
 218a 5.989E-19 4.856E-19 4.307E-19 3.653E-19 3.410E-19 4.849E-19 O3
 218b 6.534E-19 9.320E-19 8.759E-18 3.511E-18 1.508E-18 7.924E-19 O3
 218c 2.456E-19 8.902E-20 3.659E-20 4.539E-21 6.165E-23 1.666E-21 O3
O3    .O3-total
 258a 5.991E-19 4.860E-19 4.314E-19 3.666E-19 3.422E-19 4.844E-19 O3
 258b 6.518E-19 9.299E-19 8.832E-18 3.565E-18 1.548E-18 8.272E-19 O3
 258c 2.623E-19 9.770E-20 4.156E-20 5.554E-21 6.165E-23 1.666E-21 O3
O3    .O3-total
 298a 5.992E-19 4.863E-19 4.321E-19 3.678E-19 3.432E-19 4.840E-19 O3
 298b 6.504E-19 9.279E-19 8.899E-18 3.615E-18 1.585E-18 8.594E-19 O3
 298c 2.778E-19 1.057E-19 4.615E-20 6.493E-21 6.165E-23 1.666E-21 O3

O3(1D).Qyld O3=O(1D)+O2. JPL10 3/2013   rev 4/2015, Q wting by new XO3
 200a 4.897E-01 5.074E-01 5.268E-01 5.649E-01 6.557E-01 7.358E-01 O3(1D)
 200b 7.768E-01 8.169E-01 9.000E-01 9.000E-01 8.984E-01 9.000E-01 O3(1D)
 200c 8.944E-01 4.577E-01 9.235E-02 7.623E-02 0.000E+00 0.000E+00 O3(1D)
O3(1D).
 260a 4.897E-01 5.074E-01 5.270E-01 5.650E-01 6.556E-01 7.358E-01 O3(1D)
 260b 7.768E-01 8.168E-01 9.000E-01 9.000E-01 8.985E-01 9.000E-01 O3(1D)
 260c 8.951E-01 5.048E-01 1.469E-01 8.439E-02 0.000E+00 0.000E+00 O3(1D)
O3(1D).
 320a 4.897E-01 5.075E-01 5.271E-01 5.651E-01 6.556E-01 7.358E-01 O3(1D)
 320b 7.768E-01 8.168E-01 9.000E-01 9.000E-01 8.985E-01 9.000E-01 O3(1D)
 320c 8.980E-01 6.156E-01 3.034E-01 1.081E-01 0.000E+00 0.000E+00 O3(1D)

======================pratmo 77-bin code
O3    .O3-total      218.
 7.990E-19 7.900E-19 7.826E-19 7.630E-19 7.340E-19 6.999E-19 6.383E-19 5.886E-19
 5.363E-19 4.788E-19 4.151E-19 3.649E-19 3.345E-19 3.200E-19 3.145E-19 3.240E-19
 3.714E-19 4.849E-19 6.534E-19 9.374E-19 1.347E-18 1.819E-18 2.541E-18 3.597E-18
 4.850E-18 6.454E-18 8.270E-18 9.834E-18 1.105E-17 1.112E-17 9.864E-18 8.455E-18
 6.464E-18 4.806E-18 3.056E-18 2.411E-18 1.750E-18 1.302E-18 1.050E-18 8.513E-19
 5.940E-19 5.940E-19 4.368E-19 3.510E-19 3.050E-19 2.690E-19 2.290E-19 2.060E-19
 1.730E-19 1.560E-19 1.330E-19 1.159E-19 1.040E-19 8.587E-20 7.760E-20 6.530E-20
 5.664E-20 5.050E-20 4.038E-20 3.445E-20 2.876E-20 2.268E-20 1.593E-20 9.748E-21
 4.106E-21 1.085E-21 3.720E-22 7.495E-23 1.671E-23 6.277E-24 1.565E-23 5.842E-23
 3.789E-22 2.220E-21 4.448E-21 1.256E-21 1.685E-22
O3    .O3-total      258.
 7.990E-19 7.900E-19 7.826E-19 7.630E-19 7.340E-19 6.999E-19 6.383E-19 5.886E-19
 5.363E-19 4.788E-19 4.151E-19 3.662E-19 3.369E-19 3.221E-19 3.160E-19 3.250E-19
 3.719E-19 4.844E-19 6.518E-19 9.352E-19 1.342E-18 1.811E-18 2.535E-18 3.589E-18
 4.841E-18 6.460E-18 8.284E-18 9.860E-18 1.109E-17 1.120E-17 9.949E-18 8.542E-18
 6.551E-18 4.887E-18 3.119E-18 2.465E-18 1.797E-18 1.345E-18 1.092E-18 8.876E-19
 6.236E-19 6.236E-19 4.612E-19 3.723E-19 3.247E-19 2.867E-19 2.461E-19 2.205E-19
 1.875E-19 1.679E-19 1.444E-19 1.263E-19 1.134E-19 9.472E-20 8.529E-20 7.268E-20
 6.337E-20 5.673E-20 4.601E-20 3.927E-20 3.297E-20 2.618E-20 1.892E-20 1.178E-20
 5.112E-21 1.405E-21 3.720E-22 7.495E-23 1.671E-23 6.277E-24 1.565E-23 5.842E-23
 3.789E-22 2.220E-21 4.448E-21 1.256E-21 1.685E-22
O3    .O3-total      298.
 7.990E-19 7.900E-19 7.826E-19 7.630E-19 7.340E-19 6.999E-19 6.383E-19 5.886E-19
 5.363E-19 4.788E-19 4.151E-19 3.673E-19 3.391E-19 3.240E-19 3.173E-19 3.260E-19
 3.724E-19 4.840E-19 6.504E-19 9.332E-19 1.337E-18 1.803E-18 2.529E-18 3.582E-18
 4.833E-18 6.464E-18 8.297E-18 9.885E-18 1.113E-17 1.127E-17 1.003E-17 8.623E-18
 6.631E-18 4.962E-18 3.178E-18 2.515E-18 1.840E-18 1.385E-18 1.130E-18 9.212E-19
 6.510E-19 6.510E-19 4.837E-19 3.920E-19 3.430E-19 3.030E-19 2.620E-19 2.340E-19
 2.010E-19 1.790E-19 1.550E-19 1.360E-19 1.220E-19 1.029E-19 9.240E-20 7.950E-20
 6.960E-20 6.250E-20 5.122E-20 4.374E-20 3.686E-20 2.943E-20 2.169E-20 1.366E-20
 6.043E-21 1.701E-21 3.720E-22 7.495E-23 1.671E-23 6.277E-24 1.565E-23 5.842E-23
 3.789E-22 2.220E-21 4.448E-21 1.256E-21 1.685E-22

O3(1D)               200.             rev 4/2015
 4.800E-01 4.800E-01 4.800E-01 4.800E-01 4.800E-01 4.800E-01 4.800E-01 4.800E-01
 4.803E-01 4.992E-01 5.309E-01 5.638E-01 5.902E-01 6.102E-01 6.385E-01 6.662E-01
 6.945E-01 7.358E-01 7.768E-01 8.188E-01 8.612E-01 8.957E-01 9.000E-01 9.000E-01
 9.000E-01 9.000E-01 9.000E-01 9.000E-01 9.000E-01 9.000E-01 9.000E-01 9.000E-01
 9.000E-01 9.000E-01 9.000E-01 9.000E-01 9.000E-01 9.000E-01 9.000E-01 9.000E-01
 9.000E-01 9.000E-01 9.000E-01 9.000E-01 9.000E-01 9.000E-01 9.000E-01 9.000E-01
 9.000E-01 8.812E-01 8.331E-01 7.406E-01 5.885E-01 3.938E-01 2.370E-01 1.524E-01
 1.111E-01 9.404E-02 8.822E-02 8.641E-02 8.501E-02 8.287E-02 8.060E-02 7.790E-02
 7.943E-02 5.023E-02 0.000E+00 0.000E+00 0.000E+00 0.000E+00 0.000E+00 0.000E+00
 0.000E+00 0.000E+00 0.000E+00 0.000E+00 0.000E+00
O3(1D)               260.
 4.800E-01 4.800E-01 4.800E-01 4.800E-01 4.800E-01 4.800E-01 4.800E-01 4.800E-01
 4.803E-01 4.992E-01 5.309E-01 5.639E-01 5.902E-01 6.102E-01 6.385E-01 6.662E-01
 6.945E-01 7.358E-01 7.768E-01 8.188E-01 8.612E-01 8.957E-01 9.000E-01 9.000E-01
 9.000E-01 9.000E-01 9.000E-01 9.000E-01 9.000E-01 9.000E-01 9.000E-01 9.000E-01
 9.000E-01 9.000E-01 9.000E-01 9.000E-01 9.000E-01 9.000E-01 9.000E-01 9.000E-01
 9.000E-01 9.000E-01 9.000E-01 9.000E-01 9.000E-01 9.000E-01 9.000E-01 9.000E-01
 9.000E-01 8.839E-01 8.429E-01 7.616E-01 6.268E-01 4.527E-01 3.074E-01 2.222E-01
 1.753E-01 1.546E-01 1.470E-01 1.414E-01 1.327E-01 1.187E-01 1.036E-01 8.556E-02
 7.972E-02 5.187E-02 0.000E+00 0.000E+00 0.000E+00 0.000E+00 0.000E+00 0.000E+00
 0.000E+00 0.000E+00 0.000E+00 0.000E+00 0.000E+00
O3(1D)               320.
 4.800E-01 4.800E-01 4.800E-01 4.800E-01 4.800E-01 4.800E-01 4.800E-01 4.800E-01
 4.803E-01 4.992E-01 5.309E-01 5.639E-01 5.902E-01 6.102E-01 6.385E-01 6.662E-01
 6.945E-01 7.358E-01 7.768E-01 8.188E-01 8.612E-01 8.957E-01 9.000E-01 9.000E-01
 9.000E-01 9.000E-01 9.000E-01 9.000E-01 9.000E-01 9.000E-01 9.000E-01 9.000E-01
 9.000E-01 9.000E-01 9.000E-01 9.000E-01 9.000E-01 9.000E-01 9.000E-01 9.000E-01
 9.000E-01 9.000E-01 9.000E-01 9.000E-01 9.000E-01 9.000E-01 9.000E-01 9.000E-01
 9.000E-01 8.952E-01 8.756E-01 8.174E-01 7.147E-01 5.788E-01 4.616E-01 3.883E-01
 3.457E-01 3.277E-01 3.201E-01 3.046E-01 2.741E-01 2.252E-01 1.720E-01 1.080E-01
 8.060E-02 5.274E-02 0.000E+00 0.000E+00 0.000E+00 0.000E+00 0.000E+00 0.000E+00
 0.000E+00 0.000E+00 0.000E+00 0.000E+00 0.000E+00


