164
1.0
202
203
204
205
206
207
208
209
210
211
212
213
214
215
216
217
218
219
220
221
222
223
224
225
226
227
228
229
230
231
232
233
234
235
236
237
238
239
240
241
242
243
244
245
246
247
248
249
250
251
252
253
254
255
256
257
258
259
260
261
262
263
264
265
266
267
268
269
270
271
272
273
274
275
276
277
278
279
280
281
282
283
284
285
286
287
288
289
290
291
292
293
294
295
296
297
298
299
300
301
302
303
304
305
306
307
308
309
310
311
312
313
314
315
316
317
318
319
320
321
322
323
324
325
326
327
328
329
330
331
332
333
334
335
336
337
338
339
340
341
342
343
344
345
346
347
348
349
350
351
352
353
354
355
356
357
358
359
360
361
362
363
364
365
2.8798999999999997
2.5125499999999996
2.1452
1.7778499999999997
1.4104999999999999
1.2338
1.0571
0.8804
0.7037
0.6540999999999999
0.6045
0.5549000000000001
0.5053
0.46345
0.4216
0.37975000000000003
0.33790000000000003
0.301475
0.26505
0.22862500000000002
0.1922
0.1984
0.20459999999999998
0.2108
0.217
0.24412499999999998
0.27125
0.298375
0.3255
0.372775
0.42005
0.46732499999999993
0.5146
0.588225
0.6618499999999999
0.7354749999999999
0.8090999999999999
0.9183749999999999
1.0276499999999997
1.1369249999999997
1.2461999999999998
1.400425
1.5546499999999999
1.7088749999999997
1.8631
2.0738999999999996
2.2847
2.4955000000000003
2.7063
2.97755
3.2488
3.52005
3.7913
4.1292
4.4671
4.805
5.1429
5.554425
5.965949999999999
6.377475
6.789
7.23075
7.6725
8.11425
8.556000000000001
9.052000000000001
9.548
10.043999999999999
10.54
11.005
11.47
11.935
12.4
12.888250000000001
13.3765
13.864749999999999
14.353
14.7715
15.19
17.4696
19.6088
21.9208
24.439799999999998
27.1
30.189400000000003
33.0544
35.6194
38.41
41.038
43.125
45.504000000000005
48.057
50.721
53.508
54.3808
54.395
54.755199999999995
55.3848
55.5
53.3328
51.9816
50.5512
49.0464
47.56400000000001
47.400000000000006
46.1648
45.3808
45.2016
45.050000000000004
43.248
41.658
40.492000000000004
39.007999999999996
37.63
36.418800000000005
33.7864
30.2436
27.846000000000004
26.180000000000003
24.64
22.990000000000002
21.241
19.921
18.634000000000004
16.660800000000002
15.104880000000001
13.48372
11.177999999999999
8.629199999999999
7.143999999999999
6.2134
5.4426
4.794
4.183
3.5061999999999998
2.9797999999999996
2.6226
2.2371999999999996
1.7578
1.551
1.2972
0.7238
0.44179999999999997
0.3196
0.235
0.17859999999999998
0.141
0.1222
0.10339999999999999
0.094
0.0846
0.0752
0.047
0.0376
0.028199999999999996
0.0094
0.0094
0.0094
0.0
0.0
0.0
0.0
0.0
0.0

